12
0 0 1 2 0 0 0 3 4 5 0 
0 0 0 0 0 0 0 0 0 0 0 
0 0 1 2 0 0 0 6 4 5 0 
0 0 0 0 0 7 0 0 0 0 0 
0 0 0 0 0 0 8 0 0 0 0 
0 0 0 0 0 0 0 0 0 0 0 
0 0 0 0 9 7 0 0 0 0 0 
0 0 1 2 0 0 0 0 10 5 0 
0 0 1 2 0 0 0 0 0 11 0 
0 0 0 0 0 0 0 0 0 0 0 
0 0 0 0 0 0 8 0 0 0 0 
0 0 0 0 0 0 0 0 0 0 0 
0,0,0,0,0,0,0,0,0,0,0,0,
0 0
1 0
2 0
3 0
4 0
5 0
6 0

1,1,1,1,1,1,1,1,1,1,1,1,
6 1

2,2,2,2,2,2,2,2,2,2,2,2,
5 1
1 0
2 0
3 0
4 0
5 0
6 0

3,3,3,3,3,3,3,3,3,3,3,3,
0 1
1 1

4,4,4,4,4,4,4,4,4,4,4,4,
2 1
3 1

5,5,5,5,5,5,5,5,5,5,5,5,
4 1

6,6,6,6,6,6,6,6,6,6,6,6,
5 2
1 1

7,7,7,7,7,7,7,7,7,7,7,7,
1 2
3 0
4 0
5 0
6 0

8,8,8,8,8,8,8,8,8,8,8,8,
3 2
5 0
6 0

9,9,9,9,9,9,9,9,9,9,9,9,
5 3

10,10,10,10,10,10,10,10,10,10,10,10,
1 3
3 1

11,11,11,11,11,11,11,11,11,11,11,11,
3 3

